11
1309 16 2 s
1744 9 8
1658 3 6
2217 22 19
2116 23 12
1851 33 7
2246 11 18
2042 5 16
2408 10 24
1905 2 23
2502 14 33

8
0 1 10 8 320
2 1 6 2 132
1 3 8 6 332
5 3 12 6 372
0 4 12 8 402
1 6 9 6 306
7 8 9 6 273
9 10 10 8 340

14
1 0 5 290 0.3 0.9998
1 2 2 290 0.3 0.9998
3 1 7 395 0.3 0.9998
3 4 6 160 0.3 0.9998
4 0 3 720 0.3 0.9998
4 1 5 570 0.3 0.9998
4 5 4 420 0.3 0.9998
7 1 6 250 0.3 0.9998
6 1 7 310 0.3 0.9998
6 7 6 200 0.3 0.9998
8 6 5 200 0.3 0.9998
8 9 6 170 0.3 0.9998
10 8 5 260 0.3 0.9998
10 8 10 150 0.3 0.9998

17
1 2 0.0 0.2 Z s
0.25 0.25 0.5
0 09:00:00
1 6 0.0 0.2 Z s
0.25 0.25 0.5
0 09:00:01
1 10 0.0 0.2 Z s
0.25 0.25 0.5
0 09:00:02
297 1 0.15 0.2 Z
0.25 0.25 0.5
0 09:00:03 12
300 4 0.15 0.2 Z
0.25 0.25 0.5
0 09:00:04 12
300 6 0.15 0.2 Z
0.25 0.25 0.5
0 09:00:05 12
300 9 0.15 0.2 Z
0.25 0.25 0.5
0 09:00:06 12
1 3 0.0 0.2 K s
0.25 0.25 0.5
0 09:00:07
1 6 0.0 0.2 K s
0.25 0.25 0.5
0 09:00:08
298 1 0.15 0.2 K
0.25 0.25 0.5
0 09:00:09 12
300 4 0.15 0.2 K
0.25 0.25 0.5
0 09:00:10 12
300 8 0.15 0.2 K
0.25 0.25 0.5
0 09:00:11 12
1 3 0.3 0.2 L s
0.25 0.25 0.5
0 09:00:12
1 7 0.3 0.2 L s
0.25 0.25 0.5
0 09:00:13
298 0 0.3 0.2 L
0.25 0.25 0.5
0 09:00:14 12
300 3 0.3 0.2 L
0.25 0.25 0.5
0 09:00:15 12
300 7 0.3 0.2 L
0.25 0.25 0.5
0 09:00:16 12
